from astropy.constants import c
from astropy import units as u
from astropy.coordinates import Angle


# standard gravitational parameter, GM. This value comes directly from Horizons.
mu_bary = 0.00029630927493457475 * u.radian**2 * u.au**3 / u.day**2
mu_helio = 0.00029591220828411951 * u.radian**2 * u.au**3 / u.day**2

# obliquity of the Earth. From Horizons.
epsilon = Angle(84381.448, u.arcsec).rad

# speed of light
c = c.to(u.au / u.day)

# G parameter for magnitude estimation
G = 0.15

# rotations with respect to J2000
frames = {'J2000'     : [[1.0, 0.0, 0.0], 
                         [0.0, 1.0, 0.0], 
                         [0.0, 0.0, 1.0]],
          'FK4'       : [[0.99992567949568767, 0.011181483239171792, 0.0048590037723143858],
                         [-0.01118148322046629, 0.99993748489331347, -2.7170293744002029e-05],
                         [-0.0048590038153592712, -2.7162594714247048e-05, 0.9999881946023742]],
          'GALACTIC'  : [[-0.054875539395742523, -0.87343710472759606, -0.48383499177002515],
                         [0.49410945362774389, -0.44482959429757496, 0.74698224869989183],
                         [-0.86766613568337381, -0.19807638961301985, 0.45598379452141991]],
          'ECLIPJ2000': [[1.0, 0.0, 0.0],
                         [0.0, 0.91748206206918181, 0.39777715593191371],
                         [0.0, -0.39777715593191371, 0.91748206206918181]],
          'INVARIABLE': [[-0.3023595432982142,  0.8743824933349968,  0.3795182677654754], 
                         [-0.9527924404431956, -0.2888105590660314, -0.0936832539501452], 
                         [ 0.0263975536104876, -0.389928162416098 ,  0.920429658444365]]}